24 0.325846 0.276042 0.055339 0.098958
25 0.444119 0.276042 0.053168 0.092014
26 0.559136 0.256076 0.074870 0.145833
27 0.788086 0.276042 0.074870 0.102431
28 0.675239 0.256076 0.072700 0.142361
11 0.443576 0.450521 0.049913 0.107639
12 0.559679 0.453125 0.049913 0.102431
13 0.667101 0.446181 0.058594 0.119792
14 0.785373 0.445312 0.056424 0.121528
15 0.211372 0.631076 0.060764 0.131944
16 0.326931 0.631944 0.061849 0.137153
17 0.557509 0.627604 0.049913 0.125000
18 0.210829 0.815104 0.064019 0.149306
29 0.332357 0.815104 0.064019 0.152778
30 0.447917 0.817708 0.062934 0.144097
31 0.564019 0.820312 0.060764 0.145833
32 0.793511 0.814236 0.066189 0.147569
34 0.679579 0.816840 0.057509 0.149306
