1 0.211372 0.269097 0.056424 0.116319
2 0.328559 0.256944 0.047743 0.140625
3 0.442491 0.263021 0.043403 0.131944
4 0.553711 0.260417 0.048828 0.130208
5 0.325304 0.635417 0.052083 0.130208
6 0.440321 0.630208 0.062934 0.140625
7 0.327474 0.442708 0.058594 0.144097
7 0.444661 0.444444 0.060764 0.144097
7 0.559136 0.443576 0.059679 0.142361
8 0.672526 0.446181 0.043403 0.133681
9 0.211372 0.449653 0.056424 0.133681
10 0.674696 0.263021 0.058594 0.131944
10 0.790799 0.265625 0.056424 0.130208
19 0.675781 0.628472 0.084635 0.137153
20 0.784831 0.627604 0.090061 0.131944
21 0.207031 0.812500 0.088976 0.133681
22 0.443034 0.815104 0.079210 0.128472
23 0.560221 0.815104 0.083550 0.128472
